Time,Server_no,Pending_Requests,Pending_req_size,Processed Requests,Processed req size,Utilization,Busy Time,Average Service Rate,Average # requests in system,Average Response Time
1,0,0,0,0,0,0,0,-nan,0,-nan
1,1,0,0,0,0,0,0,-nan,0,-nan
2,0,0,0,2,200,0.2,0.4,5,0,0.3
2,1,2,200,5,500,0.5,1,5,1,0.6
3,0,0,0,6,600,0.4,1.2,5,0,0.433333
3,1,2,200,10,1000,0.666667,2,5,1.33333,0.8
4,0,0,0,10,1000,0.5,2,5,0,0.46
4,1,2,200,15,1500,0.75,3,5,1.5,0.866667
5,0,0,0,14,1400,0.56,2.8,5,0,0.471429
5,1,2,200,20,2000,0.8,4,5,1.6,0.9
6,0,6,600,19,1900,0.633333,3.8,5,1,0.557895
6,1,0,700,20,2000,0.666667,4,5,1.33333,0.9
7,0,8,800,24,2400,0.685714,4.8,5,2,0.816667
7,1,0,700,22,2200,0.628571,4.4,5,1.14286,0.845455
8,0,4,400,29,2900,0.725,5.8,5,2.25,0.986207
8,1,3,1000,27,2700,0.675,5.4,5,1.375,0.8
9,0,3,300,34,3400,0.755556,6.8,5,2.33333,1.13529
9,1,3,1000,32,3200,0.711111,6.4,5,1.55556,0.8625
10,0,1,100,39,3900,0.78,7.8,5,2.2,1.14359
10,1,4,1100,37,3700,0.74,7.4,5,1.8,0.908108
